ユーザID領域：
(0,256)
(0,256)
(0,256)
(0,256)
(0,256)
(0,256)
(0,256)
(0,256)
(0,76)(1,19)(0,161)
(0,75)(1,20)(0,161)
(0,72)(1,24)(0,2)(1,6)(0,152)
(0,72)(1,24)(0,5)(1,1)(0,154)
(0,71)(1,25)(0,88)(1,2)(0,70)
(0,70)(1,26)(0,86)(1,5)(0,69)
(0,70)(1,3)(0,1)(1,22)(0,81)(1,13)(0,66)
(0,70)(1,26)(0,81)(1,13)(0,66)
(0,70)(1,26)(0,80)(1,16)(0,64)
(0,69)(1,27)(0,80)(1,16)(0,64)
(0,70)(1,26)(0,80)(1,16)(0,64)
(0,69)(1,27)(0,80)(1,16)(0,64)
(0,70)(1,30)(0,76)(1,17)(0,63)
(0,70)(1,30)(0,47)(1,1)(0,1)(1,1)(0,6)(1,2)(0,2)(1,13)(0,3)(1,17)(0,63)
(0,70)(1,30)(0,66)(1,1)(0,8)(1,18)(0,63)
(0,70)(1,27)(0,1)(1,2)(0,46)(1,2)(0,1)(1,2)(0,14)(1,3)(0,1)(1,1)(0,5)(1,18)(0,63)
(0,70)(1,27)(0,49)(1,1)(0,1)(1,18)(0,9)(1,18)(0,63)
(0,70)(1,27)(0,50)(1,7)(0,2)(1,10)(0,9)(1,18)(0,63)
(0,70)(1,27)(0,51)(1,1)(0,7)(1,3)(0,7)(1,1)(0,7)(1,19)(0,63)
(0,70)(1,27)(0,51)(1,1)(0,7)(1,2)(0,8)(1,6)(0,2)(1,19)(0,63)
(0,70)(1,27)(0,59)(1,2)(0,7)(1,28)(0,63)
(0,70)(1,28)(0,10)(1,2)(0,44)(1,4)(0,10)(1,25)(0,63)
(0,70)(1,28)(0,10)(1,2)(0,26)(1,1)(0,2)(1,1)(0,2)(1,4)(0,8)(1,4)(0,7)(1,1)(0,8)(1,19)(0,63)
(0,70)(1,28)(0,10)(1,2)(0,26)(1,1)(0,5)(1,4)(0,7)(1,3)(0,18)(1,1)(0,1)(1,17)(0,63)
(0,70)(1,28)(0,11)(1,1)(0,26)(1,1)(0,8)(1,1)(0,6)(1,2)(0,20)(1,1)(0,1)(1,18)(0,62)
(0,70)(1,28)(0,41)(1,1)(0,2)(1,6)(0,3)(1,12)(0,2)(1,3)(0,6)(1,1)(0,1)(1,18)(0,62)
(0,70)(1,28)(0,38)(1,1)(0,1)(1,2)(0,1)(1,2)(0,2)(1,8)(0,1)(1,8)(0,3)(1,29)(0,62)
(0,70)(1,28)(0,37)(1,2)(0,1)(1,5)(0,2)(1,8)(0,1)(1,6)(0,4)(1,29)(0,63)
(0,70)(1,28)(0,37)(1,2)(0,1)(1,5)(0,2)(1,12)(0,5)(1,2)(0,8)(1,22)(0,62)
(0,70)(1,28)(0,37)(1,2)(0,1)(1,6)(0,1)(1,11)(0,4)(1,4)(0,8)(1,21)(0,63)
(0,71)(1,28)(0,36)(1,2)(0,1)(1,2)(0,1)(1,1)(0,2)(1,12)(0,2)(1,3)(0,2)(1,1)(0,8)(1,22)(0,62)
(0,71)(1,27)(0,37)(1,2)(0,1)(1,5)(0,1)(1,12)(0,2)(1,3)(0,1)(1,2)(0,8)(1,21)(0,63)
(0,71)(1,27)(0,37)(1,1)(0,2)(1,2)(0,1)(1,14)(0,2)(1,4)(0,1)(1,2)(0,7)(1,22)(0,63)
(0,71)(1,28)(0,35)(1,2)(0,2)(1,2)(0,1)(1,7)(0,1)(1,5)(0,4)(1,3)(0,1)(1,2)(0,7)(1,22)(0,63)
(0,71)(1,28)(0,35)(1,2)(0,2)(1,14)(0,6)(1,2)(0,2)(1,2)(0,7)(1,22)(0,63)
(0,71)(1,28)(0,35)(1,2)(0,2)(1,2)(0,1)(1,9)(0,8)(1,2)(0,2)(1,2)(0,7)(1,22)(0,63)
(0,71)(1,28)(0,35)(1,2)(0,2)(1,4)(0,2)(1,4)(0,3)(1,2)(0,5)(1,2)(0,2)(1,2)(0,6)(1,23)(0,63)
(0,71)(1,28)(0,35)(1,2)(0,2)(1,4)(0,2)(1,4)(0,3)(1,1)(0,2)(1,6)(0,1)(1,3)(0,6)(1,23)(0,63)
(0,71)(1,29)(0,33)(1,3)(0,2)(1,2)(0,1)(1,1)(0,2)(1,3)(0,3)(1,2)(0,1)(1,2)(0,3)(1,4)(0,4)(1,1)(0,3)(1,23)(0,63)
(0,71)(1,29)(0,33)(1,3)(0,2)(1,2)(0,1)(1,1)(0,2)(1,4)(0,2)(1,4)(0,2)(1,4)(0,10)(1,23)(0,63)
(0,72)(1,28)(0,33)(1,3)(0,2)(1,2)(0,1)(1,1)(0,2)(1,3)(0,3)(1,1)(0,1)(1,2)(0,4)(1,2)(0,3)(1,5)(0,2)(1,23)(0,63)
(0,72)(1,28)(0,33)(1,3)(0,2)(1,2)(0,1)(1,1)(0,2)(1,4)(0,2)(1,1)(0,1)(1,2)(0,4)(1,4)(0,1)(1,1)(0,1)(1,3)(0,2)(1,23)(0,63)
(0,72)(1,28)(0,33)(1,3)(0,2)(1,2)(0,4)(1,3)(0,3)(1,1)(0,1)(1,2)(0,4)(1,10)(0,2)(1,23)(0,63)
(0,72)(1,28)(0,33)(1,3)(0,2)(1,2)(0,4)(1,4)(0,2)(1,1)(0,1)(1,2)(0,4)(1,9)(0,3)(1,23)(0,63)
(0,72)(1,28)(0,33)(1,3)(0,1)(1,2)(0,2)(1,1)(0,2)(1,4)(0,2)(1,1)(0,1)(1,2)(0,4)(1,9)(0,2)(1,24)(0,63)
(0,72)(1,28)(0,33)(1,3)(0,2)(1,1)(0,5)(1,4)(0,2)(1,1)(0,1)(1,2)(0,4)(1,9)(0,2)(1,24)(0,63)
(0,72)(1,28)(0,33)(1,3)(0,2)(1,2)(0,1)(1,1)(0,2)(1,4)(0,4)(1,2)(0,4)(1,8)(0,3)(1,24)(0,63)
(0,72)(1,28)(0,33)(1,3)(0,3)(1,1)(0,1)(1,1)(0,2)(1,4)(0,4)(1,2)(0,4)(1,8)(0,2)(1,25)(0,63)
(0,72)(1,28)(0,33)(1,3)(0,2)(1,2)(0,6)(1,2)(0,4)(1,2)(0,4)(1,8)(0,2)(1,25)(0,63)
(0,72)(1,28)(0,33)(1,3)(0,2)(1,2)(0,4)(1,1)(0,1)(1,2)(0,3)(1,3)(0,4)(1,8)(0,2)(1,25)(0,63)
(0,72)(1,28)(0,35)(1,1)(0,2)(1,2)(0,4)(1,4)(0,3)(1,3)(0,4)(1,7)(0,3)(1,25)(0,63)
(0,72)(1,29)(0,33)(1,1)(0,3)(1,2)(0,4)(1,4)(0,3)(1,3)(0,4)(1,6)(0,4)(1,25)(0,63)
(0,72)(1,29)(0,33)(1,1)(0,3)(1,2)(0,5)(1,3)(0,3)(1,2)(0,5)(1,6)(0,3)(1,26)(0,63)
(0,72)(1,29)(0,33)(1,1)(0,3)(1,3)(0,5)(1,2)(0,3)(1,2)(0,5)(1,6)(0,3)(1,26)(0,63)
(0,72)(1,29)(0,33)(1,1)(0,3)(1,3)(0,8)(1,1)(0,1)(1,2)(0,5)(1,5)(0,4)(1,25)(0,64)
(0,72)(1,29)(0,33)(1,1)(0,3)(1,2)(0,5)(1,3)(0,1)(1,1)(0,1)(1,2)(0,5)(1,5)(0,4)(1,25)(0,64)
(0,73)(1,28)(0,33)(1,1)(0,2)(1,1)(0,2)(1,1)(0,4)(1,3)(0,1)(1,1)(0,1)(1,2)(0,5)(1,4)(0,4)(1,26)(0,64)
(0,72)(1,30)(0,32)(1,1)(0,2)(1,1)(0,2)(1,1)(0,4)(1,2)(0,2)(1,1)(0,1)(1,2)(0,5)(1,4)(0,4)(1,26)(0,64)
(0,73)(1,29)(0,30)(1,3)(0,5)(1,6)(0,3)(1,1)(0,1)(1,2)(0,5)(1,4)(0,1)(1,1)(0,2)(1,26)(0,64)
(0,73)(1,29)(0,30)(1,3)(0,5)(1,6)(0,5)(1,1)(0,6)(1,4)(0,4)(1,26)(0,64)
(0,73)(1,29)(0,30)(1,3)(0,1)(1,1)(0,3)(1,6)(0,5)(1,1)(0,5)(1,4)(0,1)(1,1)(0,2)(1,27)(0,64)
(0,73)(1,29)(0,30)(1,3)(0,1)(1,1)(0,3)(1,6)(0,5)(1,1)(0,5)(1,3)(0,5)(1,27)(0,64)
(0,74)(1,28)(0,30)(1,3)(0,1)(1,1)(0,3)(1,6)(0,5)(1,1)(0,5)(1,3)(0,5)(1,27)(0,64)
(0,74)(1,28)(0,30)(1,3)(0,1)(1,1)(0,2)(1,7)(0,5)(1,1)(0,5)(1,3)(0,1)(1,1)(0,2)(1,28)(0,64)
(0,74)(1,28)(0,30)(1,3)(0,1)(1,1)(0,2)(1,7)(0,5)(1,1)(0,4)(1,6)(0,2)(1,28)(0,64)
(0,74)(1,28)(0,30)(1,3)(0,1)(1,2)(0,2)(1,6)(0,5)(1,1)(0,4)(1,3)(0,1)(1,1)(0,3)(1,28)(0,64)
(0,74)(1,28)(0,30)(1,2)(0,2)(1,2)(0,2)(1,6)(0,5)(1,1)(0,4)(1,3)(0,5)(1,28)(0,64)
(0,74)(1,28)(0,30)(1,2)(0,2)(1,2)(0,2)(1,6)(0,5)(1,1)(0,4)(1,2)(0,6)(1,28)(0,64)
(0,74)(1,29)(0,29)(1,2)(0,2)(1,2)(0,1)(1,7)(0,4)(1,2)(0,4)(1,2)(0,1)(1,1)(0,3)(1,29)(0,64)
(0,74)(1,29)(0,29)(1,2)(0,2)(1,2)(0,2)(1,6)(0,2)(1,1)(0,1)(1,2)(0,4)(1,2)(0,1)(1,1)(0,3)(1,29)(0,64)
(0,74)(1,29)(0,29)(1,2)(0,3)(1,9)(0,4)(1,2)(0,4)(1,3)(0,3)(1,30)(0,64)
(0,74)(1,29)(0,28)(1,3)(0,3)(1,9)(0,2)(1,1)(0,1)(1,2)(0,3)(1,2)(0,1)(1,1)(0,3)(1,30)(0,64)
(0,74)(1,29)(0,28)(1,3)(0,3)(1,8)(0,3)(1,1)(0,1)(1,2)(0,2)(1,2)(0,1)(1,1)(0,4)(1,30)(0,64)
(0,74)(1,29)(0,28)(1,3)(0,3)(1,8)(0,5)(1,2)(0,2)(1,2)(0,1)(1,1)(0,4)(1,30)(0,64)
(0,74)(1,30)(0,27)(1,3)(0,3)(1,8)(0,6)(1,1)(0,2)(1,4)(0,4)(1,30)(0,64)
(0,74)(1,30)(0,27)(1,3)(0,3)(1,8)(0,6)(1,1)(0,2)(1,1)(0,1)(1,1)(0,4)(1,31)(0,64)
(0,74)(1,30)(0,27)(1,3)(0,3)(1,3)(0,2)(1,2)(0,7)(1,1)(0,2)(1,1)(0,1)(1,1)(0,4)(1,31)(0,64)
(0,74)(1,30)(0,3)(1,1)(0,23)(1,3)(0,3)(1,3)(0,3)(1,1)(0,7)(1,1)(0,1)(1,2)(0,5)(1,32)(0,64)
(0,75)(1,29)(0,3)(1,1)(0,23)(1,3)(0,3)(1,3)(0,4)(1,1)(0,5)(1,2)(0,1)(1,1)(0,1)(1,1)(0,4)(1,32)(0,64)
(0,75)(1,29)(0,3)(1,1)(0,23)(1,3)(0,3)(1,3)(0,10)(1,6)(0,4)(1,32)(0,64)
(0,75)(1,29)(0,3)(1,1)(0,23)(1,3)(0,3)(1,2)(0,11)(1,5)(0,5)(1,32)(0,64)
(0,75)(1,29)(0,3)(1,1)(0,23)(1,3)(0,3)(1,2)(0,11)(1,2)(0,8)(1,32)(0,64)
(0,75)(1,29)(0,27)(1,3)(0,3)(1,1)(0,12)(1,4)(0,5)(1,33)(0,64)
(0,75)(1,29)(0,27)(1,3)(0,3)(1,1)(0,12)(1,4)(0,5)(1,33)(0,64)
(0,76)(1,28)(0,28)(1,2)(0,16)(1,2)(0,7)(1,32)(0,65)
(0,76)(1,28)(0,27)(1,3)(0,16)(1,2)(0,6)(1,33)(0,65)
(0,76)(1,28)(0,27)(1,3)(0,14)(1,2)(0,8)(1,33)(0,65)
(0,76)(1,29)(0,23)(1,6)(0,13)(1,2)(0,9)(1,33)(0,65)
(0,76)(1,29)(0,5)(1,5)(0,5)(1,1)(0,5)(1,2)(0,7)(1,11)(0,12)(1,33)(0,65)
(0,76)(1,40)(0,10)(1,16)(0,16)(1,33)(0,65)
(0,76)(1,42)(0,39)(1,34)(0,65)
(0,76)(1,43)(0,38)(1,34)(0,65)
(0,76)(1,44)(0,36)(1,35)(0,65)
(0,76)(1,46)(0,34)(1,35)(0,65)
(0,76)(1,47)(0,33)(1,34)(0,66)
(0,76)(1,48)(0,24)(1,3)(0,2)(1,31)(0,1)(1,5)(0,66)
(0,77)(1,48)(0,5)(1,6)(0,1)(1,53)(0,66)
(0,77)(1,70)(0,1)(1,8)(0,1)(1,33)(0,66)
(0,77)(1,50)(0,5)(1,6)(0,6)(1,2)(0,3)(1,1)(0,2)(1,38)(0,66)
(0,77)(1,51)(0,4)(1,2)(0,2)(1,1)(0,7)(1,2)(0,3)(1,1)(0,2)(1,38)(0,66)
(0,77)(1,51)(0,4)(1,2)(0,10)(1,2)(0,2)(1,2)(0,2)(1,33)(0,1)(1,4)(0,66)
(0,77)(1,52)(0,3)(1,2)(0,10)(1,2)(0,2)(1,2)(0,2)(1,38)(0,66)
(0,78)(1,52)(0,2)(1,2)(0,10)(1,2)(0,2)(1,2)(0,2)(1,38)(0,66)
(0,78)(1,56)(0,10)(1,2)(0,2)(1,2)(0,2)(1,38)(0,66)
(0,78)(1,56)(0,10)(1,2)(0,2)(1,2)(0,2)(1,38)(0,66)
(0,78)(1,56)(0,10)(1,2)(0,2)(1,2)(0,2)(1,38)(0,66)
(0,78)(1,56)(0,10)(1,2)(0,2)(1,2)(0,1)(1,39)(0,66)
(0,78)(1,56)(0,10)(1,1)(0,3)(1,2)(0,1)(1,39)(0,66)
(0,78)(1,58)(0,8)(1,2)(0,2)(1,2)(0,1)(1,39)(0,66)
(0,78)(1,58)(0,8)(1,1)(0,3)(1,2)(0,1)(1,38)(0,67)
(0,78)(1,59)(0,7)(1,2)(0,2)(1,2)(0,1)(1,38)(0,67)
(0,78)(1,59)(0,7)(1,1)(0,3)(1,41)(0,67)
(0,78)(1,60)(0,6)(1,1)(0,3)(1,41)(0,67)
(0,78)(1,60)(0,6)(1,1)(0,3)(1,3)(0,1)(1,37)(0,67)
(0,79)(1,60)(0,5)(1,2)(0,2)(1,40)(0,68)
(0,79)(1,61)(0,4)(1,2)(0,2)(1,40)(0,68)
(0,79)(1,61)(0,4)(1,2)(0,2)(1,40)(0,68)
(0,79)(1,62)(0,3)(1,2)(0,2)(1,40)(0,68)
(0,79)(1,62)(0,3)(1,2)(0,1)(1,41)(0,68)
(0,79)(1,63)(0,2)(1,1)(0,2)(1,41)(0,68)
(0,79)(1,63)(0,2)(1,1)(0,1)(1,42)(0,68)
(0,80)(1,62)(0,2)(1,1)(0,1)(1,42)(0,68)
(0,80)(1,108)(0,68)
(0,80)(1,108)(0,68)
(0,80)(1,108)(0,68)
(0,80)(1,108)(0,68)
(0,80)(1,64)(0,1)(1,43)(0,68)
(0,80)(1,107)(0,69)
(0,80)(1,63)(0,1)(1,43)(0,69)
(0,80)(1,107)(0,69)
(0,80)(1,107)(0,69)
(0,80)(1,107)(0,69)
(0,80)(1,106)(0,70)
(0,81)(1,105)(0,70)
(0,81)(1,105)(0,70)
(0,81)(1,105)(0,70)
(0,82)(1,104)(0,70)
(0,82)(1,55)(0,1)(1,48)(0,70)
(0,82)(1,28)(0,1)(1,75)(0,70)
(0,82)(1,28)(0,1)(1,75)(0,70)
(0,82)(1,104)(0,70)
(0,82)(1,104)(0,70)
(0,82)(1,93)(0,1)(1,9)(0,71)
(0,82)(1,103)(0,71)
(0,82)(1,103)(0,71)
(0,82)(1,103)(0,71)
(0,82)(1,103)(0,71)
(0,82)(1,103)(0,71)
(0,83)(1,101)(0,72)
(0,83)(1,101)(0,72)
(0,83)(1,101)(0,72)
(0,83)(1,101)(0,72)
(0,84)(1,100)(0,72)
(0,84)(1,100)(0,72)
(0,84)(1,26)(0,2)(1,72)(0,72)
(0,84)(1,26)(0,2)(1,72)(0,72)
(0,84)(1,100)(0,72)
(0,84)(1,46)(0,1)(1,52)(0,73)
(0,84)(1,99)(0,73)
(0,84)(1,99)(0,73)
(0,84)(1,99)(0,73)
(0,84)(1,98)(0,74)
(0,85)(1,97)(0,74)
(0,84)(1,98)(0,74)
(0,86)(1,96)(0,74)
(0,86)(1,96)(0,74)
(0,86)(1,96)(0,74)
(0,86)(1,96)(0,74)
(0,86)(1,96)(0,74)
(0,86)(1,96)(0,74)
(0,86)(1,95)(0,75)
(0,86)(1,95)(0,75)
(0,86)(1,95)(0,75)
(0,86)(1,94)(0,76)
(0,86)(1,94)(0,76)
(0,86)(1,94)(0,76)
(0,87)(1,93)(0,76)
(0,87)(1,93)(0,76)
(0,88)(1,92)(0,76)
(0,88)(1,92)(0,76)
(0,88)(1,92)(0,76)
(0,87)(1,93)(0,76)
(0,88)(1,91)(0,77)
(0,88)(1,91)(0,77)
(0,88)(1,91)(0,77)
(0,88)(1,91)(0,77)
(0,88)(1,90)(0,78)
(0,88)(1,90)(0,78)
(0,89)(1,89)(0,78)
(0,88)(1,90)(0,78)
(0,89)(1,89)(0,78)
(0,90)(1,88)(0,78)
(0,90)(1,88)(0,78)
(0,90)(1,88)(0,78)
(0,90)(1,87)(0,79)
(0,90)(1,86)(0,80)
(0,90)(1,86)(0,80)
(0,90)(1,86)(0,80)
(0,90)(1,86)(0,80)
(0,90)(1,86)(0,80)
(0,90)(1,86)(0,80)
(0,90)(1,85)(0,81)
(0,90)(1,84)(0,82)
(0,90)(1,84)(0,82)
(0,91)(1,83)(0,82)
(0,91)(1,83)(0,82)
(0,92)(1,81)(0,83)
(0,92)(1,81)(0,83)
(0,92)(1,80)(0,84)
(0,92)(1,80)(0,84)
(0,92)(1,79)(0,85)
(0,92)(1,79)(0,85)
(0,92)(1,78)(0,86)
(0,92)(1,13)(0,1)(1,64)(0,86)
(0,92)(1,13)(0,1)(1,63)(0,87)
(0,92)(1,9)(0,1)(1,2)(0,2)(1,8)(0,5)(1,35)(0,1)(1,13)(0,88)
(0,93)(1,17)(0,8)(1,50)(0,88)
(0,93)(1,17)(0,8)(1,49)(0,89)
(0,94)(1,15)(0,8)(1,49)(0,90)
(0,94)(1,15)(0,8)(1,49)(0,90)
(0,94)(1,1)(0,1)(1,13)(0,9)(1,46)(0,92)
(0,94)(1,15)(0,9)(1,46)(0,92)
(0,94)(1,5)(0,1)(1,9)(0,10)(1,31)(0,1)(1,11)(0,94)
(0,94)(1,14)(0,11)(1,43)(0,94)
(0,94)(1,2)(0,2)(1,10)(0,11)(1,28)(0,1)(1,1)(0,3)(1,8)(0,96)
(0,94)(1,2)(0,3)(1,8)(0,12)(1,28)(0,1)(1,1)(0,1)(1,11)(0,95)
(0,94)(1,2)(0,20)(1,1)(0,3)(1,23)(0,7)(1,1)(0,2)(1,2)(0,1)(1,2)(0,1)(1,1)(0,96)
(0,95)(1,2)(0,13)(1,7)(0,3)(1,25)(0,7)(1,6)(0,98)
(0,109)(1,9)(0,2)(1,20)(0,13)(1,5)(0,98)
(0,120)(1,22)(0,5)(1,1)(0,1)(1,8)(0,99)
(0,121)(1,3)(0,3)(1,13)(0,8)(1,6)(0,1)(1,1)(0,100)
(0,121)(1,4)(0,3)(1,12)(0,9)(1,6)(0,101)
(0,122)(1,5)(0,3)(1,8)(0,6)(1,1)(0,1)(1,8)(0,102)
(0,123)(1,5)(0,3)(1,6)(0,5)(1,11)(0,103)
(0,124)(1,8)(0,1)(1,3)(0,6)(1,7)(0,1)(1,2)(0,104)
(0,124)(1,12)(0,5)(1,7)(0,108)
(0,127)(1,19)(0,110)
(0,128)(1,17)(0,111)
(0,130)(1,12)(0,114)
(0,132)(1,9)(0,115)
(0,256)
(0,256)
(0,256)
(0,256)
(0,256)
(0,256)
(0,256)
(0,256)
